solid rod_end_axle_4
  facet normal 0.0 0.9659258244613248 0.25881905192375243
    outer loop
      vertex 0.01 0.0015 0.0
      vertex 0.0 0.0012990381 7.5E-4
      vertex 0.01 0.0012990381 7.5E-4
    endloop
  endfacet
  facet normal -0.0 0.7071067811865476 0.7071067811865476
    outer loop
      vertex 0.0 0.0012990381 7.5E-4
      vertex 0.0 7.5E-4 0.0012990381
      vertex 0.01 0.0012990381 7.5E-4
    endloop
  endfacet
  facet normal 0.0 0.7071067811865476 0.7071067811865476
    outer loop
      vertex 0.01 0.0012990381 7.5E-4
      vertex 0.0 7.5E-4 0.0012990381
      vertex 0.01 7.5E-4 0.0012990381
    endloop
  endfacet
  facet normal -0.0 0.25881905192375254 0.9659258244613247
    outer loop
      vertex 0.0 7.5E-4 0.0012990381
      vertex 0.0 4.2491542E-19 0.0015
      vertex 0.01 7.5E-4 0.0012990381
    endloop
  endfacet
  facet normal 0.0 0.25881905192375254 0.9659258244613247
    outer loop
      vertex 0.01 7.5E-4 0.0012990381
      vertex 0.0 4.2491542E-19 0.0015
      vertex 0.01 4.2491542E-19 0.0015
    endloop
  endfacet
  facet normal 0.0 -0.25881905192375226 0.9659258244613247
    outer loop
      vertex 0.0 4.2491542E-19 0.0015
      vertex 0.0 -7.5E-4 0.0012990381
      vertex 0.01 4.2491542E-19 0.0015
    endloop
  endfacet
  facet normal 0.0 -0.25881905192375226 0.9659258244613247
    outer loop
      vertex 0.01 4.2491542E-19 0.0015
      vertex 0.0 -7.5E-4 0.0012990381
      vertex 0.01 -7.5E-4 0.0012990381
    endloop
  endfacet
  facet normal 0.0 -0.7071067811865476 0.7071067811865476
    outer loop
      vertex 0.0 -7.5E-4 0.0012990381
      vertex 0.0 -0.0012990381 7.5E-4
      vertex 0.01 -7.5E-4 0.0012990381
    endloop
  endfacet
  facet normal 0.0 -0.7071067811865476 0.7071067811865476
    outer loop
      vertex 0.01 -7.5E-4 0.0012990381
      vertex 0.0 -0.0012990381 7.5E-4
      vertex 0.01 -0.0012990381 7.5E-4
    endloop
  endfacet
  facet normal 0.0 -0.9659258244613248 0.2588190519237527
    outer loop
      vertex 0.0 -0.0012990381 7.5E-4
      vertex 0.0 -0.0015 8.4983083E-19
      vertex 0.01 -0.0012990381 7.5E-4
    endloop
  endfacet
  facet normal 0.0 -0.9659258244613248 0.2588190519237527
    outer loop
      vertex 0.01 -0.0012990381 7.5E-4
      vertex 0.0 -0.0015 8.4983083E-19
      vertex 0.01 -0.0015 8.4983083E-19
    endloop
  endfacet
  facet normal 0.0 -0.9659258244613248 -0.25881905192375215
    outer loop
      vertex 0.0 -0.0015 8.4983083E-19
      vertex 0.0 -0.0012990381 -7.5E-4
      vertex 0.01 -0.0015 8.4983083E-19
    endloop
  endfacet
  facet normal 0.0 -0.9659258244613248 -0.25881905192375215
    outer loop
      vertex 0.01 -0.0015 8.4983083E-19
      vertex 0.0 -0.0012990381 -7.5E-4
      vertex 0.01 -0.0012990381 -7.5E-4
    endloop
  endfacet
  facet normal 0.0 -0.7071067811865476 -0.7071067811865476
    outer loop
      vertex 0.0 -0.0012990381 -7.5E-4
      vertex 0.0 -7.5E-4 -0.0012990381
      vertex 0.01 -0.0012990381 -7.5E-4
    endloop
  endfacet
  facet normal 0.0 -0.7071067811865476 -0.7071067811865476
    outer loop
      vertex 0.01 -0.0012990381 -7.5E-4
      vertex 0.0 -7.5E-4 -0.0012990381
      vertex 0.01 -7.5E-4 -0.0012990381
    endloop
  endfacet
  facet normal 0.0 -0.25881905192375293 -0.9659258244613246
    outer loop
      vertex 0.0 -7.5E-4 -0.0012990381
      vertex 0.0 -1.6078132E-18 -0.0015
      vertex 0.01 -7.5E-4 -0.0012990381
    endloop
  endfacet
  facet normal 0.0 -0.25881905192375293 -0.9659258244613246
    outer loop
      vertex 0.01 -7.5E-4 -0.0012990381
      vertex 0.0 -1.6078132E-18 -0.0015
      vertex 0.01 -1.6078132E-18 -0.0015
    endloop
  endfacet
  facet normal 0.0 0.2588190519237519 -0.9659258244613248
    outer loop
      vertex 0.0 -1.6078132E-18 -0.0015
      vertex 0.0 7.5E-4 -0.0012990381
      vertex 0.01 -1.6078132E-18 -0.0015
    endloop
  endfacet
  facet normal 0.0 0.2588190519237519 -0.9659258244613248
    outer loop
      vertex 0.01 -1.6078132E-18 -0.0015
      vertex 0.0 7.5E-4 -0.0012990381
      vertex 0.01 7.5E-4 -0.0012990381
    endloop
  endfacet
  facet normal 0.0 0.7071067811865476 -0.7071067811865476
    outer loop
      vertex 0.0 7.5E-4 -0.0012990381
      vertex 0.0 0.0012990381 -7.5E-4
      vertex 0.01 7.5E-4 -0.0012990381
    endloop
  endfacet
  facet normal 0.0 0.7071067811865476 -0.7071067811865476
    outer loop
      vertex 0.01 7.5E-4 -0.0012990381
      vertex 0.0 0.0012990381 -7.5E-4
      vertex 0.01 0.0012990381 -7.5E-4
    endloop
  endfacet
  facet normal 0.0 0.9659258244613248 -0.25881905192375254
    outer loop
      vertex 0.0 0.0012990381 -7.5E-4
      vertex 0.0 0.0015 -3.6739403E-19
      vertex 0.01 0.0012990381 -7.5E-4
    endloop
  endfacet
  facet normal 1.0227137474031449E-17 0.9659258244613248 -0.25881905192375243
    outer loop
      vertex 0.01 0.0012990381 -7.5E-4
      vertex 0.0 0.0015 -3.6739403E-19
      vertex 0.01 0.0015 0.0
    endloop
  endfacet
  facet normal -9.508857452704661E-18 0.9659258244613248 0.2588190519237523
    outer loop
      vertex 0.0 0.0015 -3.6739403E-19
      vertex 0.0 0.0012990381 7.5E-4
      vertex 0.01 0.0015 0.0
    endloop
  endfacet
  facet normal 1.0 0.0 -0.0
    outer loop
      vertex 0.01 7.5E-4 -0.0012990381
      vertex 0.01 0.0012990381 -7.5E-4
      vertex 0.01 0.0 0.0
    endloop
  endfacet
  facet normal 1.0 0.0 -0.0
    outer loop
      vertex 0.01 0.0012990381 -7.5E-4
      vertex 0.01 0.0015 0.0
      vertex 0.01 0.0 0.0
    endloop
  endfacet
  facet normal 1.0 0.0 0.0
    outer loop
      vertex 0.01 0.0 0.0
      vertex 0.01 0.0015 0.0
      vertex 0.01 0.0012990381 7.5E-4
    endloop
  endfacet
  facet normal 1.0 -0.0 0.0
    outer loop
      vertex 0.01 -0.0012990381 -7.5E-4
      vertex 0.01 -7.5E-4 -0.0012990381
      vertex 0.01 0.0 0.0
    endloop
  endfacet
  facet normal 1.0 -0.0 0.0
    outer loop
      vertex 0.01 -7.5E-4 -0.0012990381
      vertex 0.01 -1.6078132E-18 -0.0015
      vertex 0.01 0.0 0.0
    endloop
  endfacet
  facet normal 1.0 0.0 0.0
    outer loop
      vertex 0.01 0.0 0.0
      vertex 0.01 -1.6078132E-18 -0.0015
      vertex 0.01 7.5E-4 -0.0012990381
    endloop
  endfacet
  facet normal 1.0 0.0 0.0
    outer loop
      vertex 0.01 -7.5E-4 0.0012990381
      vertex 0.01 -0.0012990381 7.5E-4
      vertex 0.01 0.0 0.0
    endloop
  endfacet
  facet normal 1.0 0.0 0.0
    outer loop
      vertex 0.01 -0.0012990381 7.5E-4
      vertex 0.01 -0.0015 8.4983083E-19
      vertex 0.01 0.0 0.0
    endloop
  endfacet
  facet normal 1.0 0.0 0.0
    outer loop
      vertex 0.01 0.0 0.0
      vertex 0.01 -0.0015 8.4983083E-19
      vertex 0.01 -0.0012990381 -7.5E-4
    endloop
  endfacet
  facet normal 1.0 0.0 0.0
    outer loop
      vertex 0.01 0.0012990381 7.5E-4
      vertex 0.01 7.5E-4 0.0012990381
      vertex 0.01 0.0 0.0
    endloop
  endfacet
  facet normal 1.0 0.0 0.0
    outer loop
      vertex 0.01 7.5E-4 0.0012990381
      vertex 0.01 4.2491542E-19 0.0015
      vertex 0.01 0.0 0.0
    endloop
  endfacet
  facet normal 1.0 0.0 -0.0
    outer loop
      vertex 0.01 0.0 0.0
      vertex 0.01 4.2491542E-19 0.0015
      vertex 0.01 -7.5E-4 0.0012990381
    endloop
  endfacet
  facet normal -1.0 0.0 -0.0
    outer loop
      vertex 0.0 7.5E-4 0.0012990381
      vertex 0.0 0.0012990381 7.5E-4
      vertex 0.0 0.0 0.0
    endloop
  endfacet
  facet normal -1.0 0.0 -0.0
    outer loop
      vertex 0.0 0.0012990381 7.5E-4
      vertex 0.0 0.0015 -3.6739403E-19
      vertex 0.0 0.0 0.0
    endloop
  endfacet
  facet normal -1.0 0.0 0.0
    outer loop
      vertex 0.0 0.0 0.0
      vertex 0.0 0.0015 -3.6739403E-19
      vertex 0.0 0.0012990381 -7.5E-4
    endloop
  endfacet
  facet normal -1.0 0.0 0.0
    outer loop
      vertex 0.0 -0.0012990381 7.5E-4
      vertex 0.0 -7.5E-4 0.0012990381
      vertex 0.0 0.0 0.0
    endloop
  endfacet
  facet normal -1.0 0.0 0.0
    outer loop
      vertex 0.0 -7.5E-4 0.0012990381
      vertex 0.0 4.2491542E-19 0.0015
      vertex 0.0 0.0 0.0
    endloop
  endfacet
  facet normal -1.0 0.0 0.0
    outer loop
      vertex 0.0 0.0 0.0
      vertex 0.0 4.2491542E-19 0.0015
      vertex 0.0 7.5E-4 0.0012990381
    endloop
  endfacet
  facet normal -1.0 0.0 0.0
    outer loop
      vertex 0.0 -7.5E-4 -0.0012990381
      vertex 0.0 -0.0012990381 -7.5E-4
      vertex 0.0 0.0 0.0
    endloop
  endfacet
  facet normal -1.0 0.0 0.0
    outer loop
      vertex 0.0 -0.0012990381 -7.5E-4
      vertex 0.0 -0.0015 8.4983083E-19
      vertex 0.0 0.0 0.0
    endloop
  endfacet
  facet normal -1.0 0.0 0.0
    outer loop
      vertex 0.0 0.0 0.0
      vertex 0.0 -0.0015 8.4983083E-19
      vertex 0.0 -0.0012990381 7.5E-4
    endloop
  endfacet
  facet normal -1.0 -0.0 0.0
    outer loop
      vertex 0.0 0.0012990381 -7.5E-4
      vertex 0.0 7.5E-4 -0.0012990381
      vertex 0.0 0.0 0.0
    endloop
  endfacet
  facet normal -1.0 -0.0 0.0
    outer loop
      vertex 0.0 7.5E-4 -0.0012990381
      vertex 0.0 -1.6078132E-18 -0.0015
      vertex 0.0 0.0 0.0
    endloop
  endfacet
  facet normal -1.0 0.0 0.0
    outer loop
      vertex 0.0 0.0 0.0
      vertex 0.0 -1.6078132E-18 -0.0015
      vertex 0.0 -7.5E-4 -0.0012990381
    endloop
  endfacet
endsolid rod_end_axle_4
